0 0
0.06283185307179587 0.06279051952931337
0.1256637061435917 0.1253332335643043
0.1884955592153876 0.1873813145857246
0.2513274122871835 0.2486898871648548
0.3141592653589793 0.3090169943749474
0.3769911184307752 0.368124552684678
0.4398229715025711 0.4257792915650727
0.5026548245743669 0.4817536741017153
0.5654866776461628 0.5358267949789967
0.6283185307179586 0.5877852522924731
0.6911503837897546 0.6374239897486898
0.7539822368615504 0.6845471059286887
0.8168140899333463 0.7289686274214116
0.8796459430051422 0.7705132427757893
0.9424777960769381 0.8090169943749475
1.005309649148734 0.8443279255020151
1.06814150222053 0.8763066800438637
1.130973355292326 0.9048270524660196
1.193805208364122 0.9297764858882515
1.256637061435917 0.9510565162951535
1.319468914507713 0.9685831611286311
1.382300767579509 0.9822872507286887
1.445132620651305 0.9921147013144779
1.507964473723101 0.9980267284282716
1.570796326794897 1
1.633628179866693 0.9980267284282716
1.696460032938489 0.9921147013144778
1.759291886010284 0.9822872507286886
1.82212373908208 0.9685831611286311
1.884955592153876 0.9510565162951535
1.947787445225672 0.9297764858882514
2.010619298297468 0.9048270524660195
2.073451151369264 0.8763066800438635
2.13628300444106 0.844327925502015
2.199114857512855 0.8090169943749475
2.261946710584651 0.7705132427757893
2.324778563656447 0.7289686274214114
2.387610416728243 0.6845471059286885
2.450442269800039 0.6374239897486895
2.513274122871835 0.5877852522924733
2.57610597594363 0.5358267949789967
2.638937829015426 0.4817536741017152
2.701769682087222 0.4257792915650725
2.764601535159018 0.3681245526846778
2.827433388230814 0.3090169943749471
2.89026524130261 0.2486898871648548
2.953097094374406 0.1873813145857246
3.015928947446202 0.1253332335643041
3.078760800517998 0.06279051952931314
3.141592653589794 -3.216285744678249E-016
3.204424506661589 -0.06279051952931335
3.267256359733385 -0.1253332335643043
3.330088212805181 -0.1873813145857248
3.392920065876977 -0.248689887164855
3.455751918948773 -0.3090169943749477
3.518583772020569 -0.3681245526846783
3.581415625092364 -0.4257792915650727
3.64424747816416 -0.4817536741017154
3.707079331235956 -0.5358267949789968
3.769911184307752 -0.5877852522924734
3.832743037379548 -0.63742398974869
3.895574890451344 -0.6845471059286887
3.95840674352314 -0.7289686274214116
4.021238596594936 -0.7705132427757894
4.084070449666731 -0.8090169943749473
4.146902302738527 -0.8443279255020153
4.209734155810323 -0.8763066800438636
4.272566008882119 -0.9048270524660198
4.335397861953915 -0.9297764858882515
4.39822971502571 -0.9510565162951535
4.461061568097507 -0.9685831611286312
4.523893421169302 -0.9822872507286887
4.586725274241099 -0.9921147013144779
4.649557127312894 -0.9980267284282716
4.71238898038469 -1
4.775220833456486 -0.9980267284282716
4.838052686528282 -0.9921147013144779
4.900884539600078 -0.9822872507286886
4.963716392671874 -0.9685831611286311
5.026548245743669 -0.9510565162951536
5.089380098815465 -0.9297764858882512
5.152211951887261 -0.9048270524660196
5.215043804959057 -0.8763066800438634
5.277875658030853 -0.844327925502015
5.340707511102649 -0.809016994374947
5.403539364174445 -0.770513242775789
5.46637121724624 -0.7289686274214116
5.529203070318037 -0.6845471059286883
5.592034923389832 -0.6374239897486896
5.654866776461629 -0.5877852522924726
5.717698629533424 -0.5358267949789963
5.78053048260522 -0.4817536741017153
5.843362335677016 -0.4257792915650722
5.906194188748811 -0.3681245526846779
5.969026041820608 -0.3090169943749468
6.031857894892403 -0.2486898871648545
6.094689747964199 -0.1873813145857247
6.157521601035995 -0.1253332335643038
6.220353454107791 -0.06279051952931326
6.283185307179587 6.432571489356498E-016
